0000000000.000 0000 a011 2 05 00 
0000000000.000 0000 a000 2 05 00 
0000000000.002 0000 a010 4 c7 cf 05 00 
0000000001.014 0000 a001 516 c7 cf 00 00 2f 00 00 00 2f 00 01 00 39 00 07 00 3d 00 08 00 50 00 09 00 5a 00 0a 00 64 00 0b 00 69 00 0c 00 77 00 0d 00 7b 00 0e 00 81 00 0f 00 84 00 10 00 88 00 11 00 8b 00 12 00 8f 00 13 00 92 00 14 00 95 00 15 00 98 00 16 00 9b 00 17 00 9e 00 f0 ff a1 00 f2 ff 6a 01 f9 ff 72 01 ff ff 53 02 02 30 6c 40 03 30 6d 40 04 30 6e 40 05 30 6f 40 8c d2 00 00 02 30 6c 40 c6 d2 00 00 02 30 68 11 02 80 68 11 06 80 5a 10 03 80 b6 10 04 80 8d 40 03 30 1c 10 04 80 8e 40 04 30 1c 10 04 80 8f 40 00 00 09 10 08 10 07 10 06 10 05 10 04 10 03 10 02 10 24 c0 00 00 09 10 08 10 07 10 06 10 05 10 04 10 03 10 02 10 1e c0 00 00 04 10 03 10 02 10 1f c0 00 00 02 30 00 10 0a a0 07 00 05 10 04 10 03 10 20 c0 05 90 05 10 04 10 03 10 21 c0 00 00 03 10 02 10 25 c0 00 00 05 10 04 10 03 10 02 10 23 c0 00 00 02 10 26 c0 00 00 03 10 02 10 28 c0 00 00 02 10 27 c0 00 00 03 10 02 10 22 c0 00 00 02 10 1b c0 00 00 02 10 1d c0 00 00 02 10 1c c0 00 00 02 10 1a c0 00 00 02 30 56 40 00 00 02 30 57 40 00 00 57 30 56 30 02 80 01 10 01 80 8c 40 01 10 00 20 10 27 69 42 69 12 00 20 4e 0d 6a 42 6a 12 57 30 56 30 03 80 6b 42 6b 12 6c 10 12 c0 8d 30 6c 30 02 80 8d 40 02 10 8d 30 6a 42 00 20 00 40 8d 30 03 80 6b 42 6a 12 6c 10 15 c0 02 10 00 20 ff 7f 68 42 00 20 ff 7f 69 42 68 12 6c 10 8c 30 6a 42 8c 30 6b 42 6a 12 6c 10 12 c0 8e 30 6c 30 2d 10 05 80 02 80 8e 40 8f 30 6d 30 2d 10 05 80 02 80 8f 40 5a 10 8d 30 b6 10 05 80 03 80 90 40 85 30 79 50 04 00 00 10 0c a0 1f 00 85 30 75 50 04 00 67 42 85 30 79 50 04 00 68 42 85 30 7d 50 04 00 69 42 85 30 81 50 04 00 6a 42 85 30 6b 42 
0000000001.016 0000 a001 516 c7 cf 00 01 04 b0 67 02 05 00 00 10 85 30 79 50 04 00 03 80 85 30 79 60 04 00 85 30 79 50 04 00 00 10 0e a0 4a 00 85 30 7d 50 04 00 56 40 85 30 81 50 04 00 57 40 85 30 79 50 04 00 01 10 02 80 85 30 79 60 04 00 85 30 79 50 04 00 00 10 0a a0 34 00 85 30 75 50 04 00 67 42 85 30 79 50 04 00 68 42 85 30 7d 50 04 00 69 42 85 30 81 50 04 00 6a 42 85 30 6b 42 05 b0 67 02 05 00 00 10 85 30 75 60 04 00 85 30 01 10 02 80 04 10 06 80 85 40 85 30 79 50 04 00 00 10 0a 80 85 30 86 30 0a 80 11 a0 0b 00 85 30 66 42 06 b0 66 02 01 00 00 10 56 40 00 10 57 40 85 30 79 50 04 00 00 10 0a 80 85 30 86 30 0b 80 11 a0 08 00 85 30 01 10 02 80 04 10 06 80 85 40 00 00 91 30 01 10 0a a0 05 00 18 b0 92 00 1b 00 00 00 07 10 0b 10 64 42 64 12 0d 10 65 42 1a 10 66 42 27 10 67 42 1a 10 68 42 0d 10 69 42 00 10 6a 42 00 10 6b 42 65 12 39 10 87 10 0e c0 01 10 be 10 69 42 69 12 00 10 6a 42 6a 12 be 10 87 30 03 80 6b 42 6b 12 87 10 0d c0 01 10 3f 10 3e 10 88 10 0c c0 01 10 00 20 10 27 6a 42 6a 12 0b 11 6b 42 6b 12 88 10 88 10 12 c0 01 10 7d 10 69 42 69 12 00 10 6a 42 6a 12 7d 10 88 30 03 80 6b 42 6b 12 88 10 0d c0 07 10 09 10 64 42 64 12 04 10 65 42 03 10 66 42 00 10 67 42 fd 1f 68 42 fc 1f 69 42 00 10 6a 42 00 10 6b 42 65 12 39 10 89 10 0e c0 07 10 09 10 64 42 64 12 00 10 65 42 00 10 66 42 00 10 67 42 00 10 68 42 00 10 69 42 fc 1f 6a 42 04 10 6b 42 65 12 39 10 8a 10 0e c0 02 10 07 10 69 42 69 12 04 10 6a 42 fc 1f 6b 42 6a 12 54 10 8b 10 0e c0 60 30 20 10 02 80 20 10 06 80 0a 10 00 80 61 30 20 10 02 80 20 10 06 80 05 10 00 80 02 80 62 30 20 10 02 80 20 10 06 80 
0000000001.017 0000 a001 516 c7 cf 00 02 02 80 92 40 66 30 67 30 05 80 08 10 06 80 08 10 00 80 2a 30 04 10 00 80 02 80 2c 30 03 10 00 80 02 80 2d 30 02 10 00 80 02 80 2b 30 01 10 00 80 02 80 2e 30 02 80 93 40 8a 30 94 40 89 30 95 40 88 30 08 10 00 80 87 30 02 80 96 40 56 30 97 40 57 30 98 40 5c 30 99 40 5d 30 9a 40 90 30 9b 40 8e 30 9c 40 8f 30 9d 40 4e 30 9e 40 4f 30 9f 40 54 30 a0 40 55 30 a1 40 39 30 a2 40 3a 30 a3 40 3b 30 a4 40 3c 30 a5 40 3d 30 a6 40 3e 30 a7 40 3f 30 a8 40 75 30 a9 40 76 30 aa 40 77 30 ab 40 78 30 ac 40 00 00 00 10 75 40 00 10 76 40 00 10 77 40 00 10 78 40 00 10 79 40 00 10 7a 40 00 10 7b 40 00 10 7c 40 00 10 7d 40 00 10 7e 40 00 10 7f 40 00 10 80 40 00 10 81 40 00 10 82 40 00 10 83 40 00 10 84 40 00 10 85 40 00 10 86 40 be 10 87 40 7d 10 88 40 00 10 89 40 00 10 8a 40 00 10 8b 40 00 10 8d 40 00 10 8e 40 00 10 8f 40 01 10 91 40 0c 10 67 40 00 00 86 30 85 30 0b 80 86 30 85 30 0a 80 85 30 79 50 04 00 00 10 0a 80 11 80 10 a0 2d 00 6c 30 86 30 75 60 04 00 6d 30 86 30 79 60 04 00 6e 30 86 30 7d 60 04 00 6f 30 86 30 81 60 04 00 86 30 75 50 04 00 67 42 86 30 79 50 04 00 68 42 86 30 7d 50 04 00 69 42 86 30 81 50 04 00 6a 42 86 30 6b 42 02 b0 67 02 05 00 86 30 01 10 02 80 04 10 06 80 86 40 00 e0 01 10 6d 40 6d 30 04 10 0f a0 3a 00 6d 30 01 10 03 80 75 50 04 00 6c 30 0a a0 2d 00 6d 30 01 10 03 80 75 50 04 00 67 42 6d 30 01 10 03 80 79 50 04 00 68 42 6d 30 01 10 03 80 7d 50 04 00 69 42 6d 30 01 10 03 80 81 50 04 00 6a 42 6d 30 01 10 03 80 6b 42 03 b0 67 02 05 00 00 10 6d 30 01 10 03 80 79 60 04 00 00 10 6d 30 01 10 03 80 75 60 04 00 6d 30 
0000000001.018 0000 a001 14 c7 cf 00 03 01 10 02 80 6d 40 c5 9f 00 e0 
0000000001.018 0000 a003 2 c7 cf 
0000000006.022 0000 a002 2 c7 cf 
0000000006.022 0000 a003 2 c7 cf 
0000000006.042 0000 a00c 6 c7 cf 56 00 00 00 
0000000006.042 0000 a00c 6 c7 cf 57 00 00 00 
0000000006.854 0000 0009 16 08 00 00 00 00 00 00 00 00 00 00 00 00 00 00 00 
0000000007.017 0000 0009 16 00 00 00 00 00 00 00 00 00 00 00 00 00 00 00 00 
0000000007.017 0000 000a 6 00 00 00 00 00 00 
0000000007.017 0000 000d 8 00 00 00 00 00 00 00 00 
0000000007.017 0000 000b 8 00 00 00 00 00 00 00 00 
0000000007.018 0000 000b 8 01 00 00 00 00 00 00 00 
0000000007.042 0000 0000 8 01 00 64 00 a3 00 a3 00 
0000000007.101 0000 0000 8 0b 00 7a 00 89 00 77 ff 
0000000007.399 0000 0009 16 00 00 08 00 00 00 00 00 00 00 00 00 00 00 00 00 
0000000008.486 0000 0013 2 05 00 
0000000009.801 0000 0000 8 02 00 64 00 a6 00 a6 00 
0000000009.862 0000 0000 8 0c 00 7c 00 89 00 77 ff 
0000000010.156 0000 0009 16 00 00 00 00 08 00 00 00 00 00 00 00 00 00 00 00 
0000000011.211 0000 0013 2 05 00 
0000000012.880 0000 0000 8 03 00 64 00 a9 00 a9 00 
0000000012.942 0000 0000 8 0d 00 7e 00 89 00 77 ff 
0000000013.128 0000 0009 16 00 00 00 00 00 00 08 00 00 00 00 00 00 00 00 00 
0000000014.350 0000 0013 2 05 00 
0000000015.733 0000 0000 8 04 00 64 00 ac 00 ac 00 
0000000015.805 0000 0000 8 0e 00 80 00 89 00 77 ff 
0000000016.128 0000 0009 16 00 00 00 00 00 00 00 00 08 00 00 00 00 00 00 00 
0000000017.197 0000 0013 2 05 00 
0000000018.807 0000 000a 6 21 00 00 00 00 00 
0000000018.808 0000 000b 8 00 00 21 00 00 00 00 00 
0000000018.808 0000 000b 8 01 00 21 00 00 00 00 00 
0000000019.282 0000 a002 2 c7 cf 
0000000019.282 0000 a003 2 c7 cf 
0000000019.282 0000 a00c 6 c7 cf 56 00 00 00 
0000000019.283 0000 a00c 6 c7 cf 57 00 00 00 
